01100
01110
01200
01210
01212
01230
01220
00010
00020
00030
00040
00051
00052
00053
00500
00520
00620
00630
00640
00650
00660
00562
00190
00195
00196
00710
00910
00920
00061
00062
00071
00072
00073
00100
00561
00564
00565
00600
00590
00591
00592
01040
00230
00240
00250
00260
00270
00280
00290
00300
00310
00330
00340
00350
00360
00380
00400
00410
00430
00450
00460
00480
00510
00514
00531
00563
00603
00604
00511
00730
00740
00750
00760
00770
00780
00785
00790
00670
00860
00130
00900
00909
00904
00906
00905
00908
00940
00945
00941
00944
00950
00960
00232
00965
03020
03022
03040
03010
00970
03013
03015
03008
03060
04141
04130
04120
04122
03050
03018
03030
03410
03420
03430
03440
03450
02010
04070
04075
04144
04145
04146
04140
04712
01502
